00000000
09ff1004
000000f0
ff000000
219b4053
3c043802
0020000b
68001500
67569000
00387000
674a7000
00000000
68b3ec00
68d39000
68db7900
00000000
00000000
00000030
00000000
00000000
00000000
00000000
00000004
ffffffff
ffffffff
ffffffff
7e9fab14
b1712ce0
011807c0
00e00640
00b00500
00900400
00700300
00580280
00480200
00019628
2b260294
00000010
1001e000
4c85962b
1d509090
b6940000
00000000
00000000
00000000
00000200
67ac0000
00000000
00000000
00000000
00000000
00000000
00000000
00000000
00000000
00000000
0023a000
0011d000
00000000
00000000
67ab8000
00000000
67ab8ff0
00000000
00000000
00000000
00000000
00000000
00000000
00000000
00000000
00000000
00000000
00023a00
00000000
00000000
00000000
00000000
00380180
00026800
d8df4200
10000000
00000000
67b00000
00000000
00000000
00000000
00000000
00000000
00000000
00000000
00000000
00000000
00000000
00000000
00000000
00000000
00000000
00000000
00000000
00000000
00000000
00000000
00000000
00000000
0034a49f
00000000
00000000
00000000
00000000
00000000
00000000
00000000
00000000
00000000
00000000
00000000
00000000
00000000
00000000
00000000
00000000
0001e800
00018000
00013000
011803e0
00e00320
00b00270
008c01f0
00700190
00580140
00480100
003800c0
00000000
0a000080
00000000
2c000000
00000000
0000f000
0000c000
00009800
00007800
00006000
00005000
00004000
00003000
00002800
00002000
00001800
00001000
06f83180
05882740
04601f40
037818c0
02c013c0
02300f80
01c00c80
016009c0
0060c800
004cd000
003cf800
00306000
00266800
001e7800
00183000
00133800
000f4000
000c1800
00099800
0007a000
00099a00
0018c900
0003d00f
00030d4a
06f418d0
058413b0
04600fa0
037c0c60
02c409d0
023007d0
01bc0630
000004f0
00000139
00000000
00000000
00000000
00000000
00000000
00000000
00000000
00000000
4c000000
00000000
00100101
00100100
0000fff2
00100000
00000000
00000000
00000000
00000000
05050505
00020002
00020002
00020002
000c0003
0033000c
00cc0033
79e01ff0
ffffffe0
00780ff8
00780ff8
01e00ff8
01e03fe0
48400800
00000000
00000000
00000000
00000000
00000000
00000000
00000000
00000000
00000000
00020080
01014040
08a19211
00000000
00000000
00000000
00000000
00000000
00000000
00000000
00000000
00000000
00002000
01e00044
00000000
00000000
00000000
00000000
00000000
00000000
00000000
00000000
00001000
00000000
00000000
00fff7f8
00000004
00000004
fffffffc
fffffffc
fffffffc
fffffffc
fffffffc
fffffffc
fffffffc
fffffffe
00000000
07800400
00000000
00000000
00000000
00000000
00000000
00000000
00000000
00000000
00000000
00000000
ffffffff
00000000
00000000
00000000
00000000
83000000
00000000
00000000
00000000
00000006
00000000
00000000
00000000
00000000
00000000
60838000
00000000
9090b694
00000000
00000000
00000000
00000000
00000000
00000000
00000000
00000000
00000000
00000000
00000000
00000000
00000000
00000000
00000000
00000000
00000000
10100808
00000000
00000000
00000000
00000000
00000000
00000000
00000000
00000000
00000000
00000000
00000000
00000000
00000000
00000000
00000000
00000000
00000000
00000000
00000000
00000000
00000000
00000000
00000000
00000000
00000000
00000000
00000000
00000000
00000000
00000000
00000000
00000000
00000000
00000000
00000000
00000000
00000000
00000000
00000000
00000000
00000000
80000000
00000000
00000000
00000000
00000000
00000000
00000000
00000000
00000000
00000000
00000000
00000000
00000000
00000000
00000000
00000000
00000000
00000000
00000000
00000000
00000000
00000000
00000000
00000000
00000000
00000000
00000000
00000000
00000000
00000000
00000000
00000000
00000000
00000000
00000000
00000000
00000000
00000000
00000000
00000000
00000000
00000000
00000000
00000000
00000000
00000000
00000000
00000000
00000000
00000000
00000000
00000000
00000000
00000000
00000000
00000000
00000000
00000000
00000000
00000000
00000000
00000000
00000000
00000000
00000000
00000000
00000000
00000000
00000000
00000000
00000000
00000000
00000000
00000000
00000000
00000000
00000000
00000000
00000000
00000000
00000000
00200000
00000000
00000000
00000000
00000000
00000000
00000000
00000000
00000000
00000000
00000000
00000000
00000000
00000000
00000000
00000000
00000000
00000000
00000000
00000000
00000000
00000000
00000000
00000000
00000000
00000000
00000000
00000000
00000000
00000000
00000000
00000000
00000000
00000000
00000000
00000000
00000000
00000000
00000000
00000000
00000000
00000000
00000000
00000000
00000000
00000000
00000000
00000000
00000000
00000000
00000000
00000000
00000000
00000000
00000000
00000000
00000000
00000000
00000000
00000000
00000000
00000000
00000000
00000000
00000000
00000000
00000000
00000000
00000000
00000000
00000000
00000000
00000000
00000000
00000000
00000000
00000000
00000000
00000000
00000000
00000000
00000000
08011014
3c043803
48000001
00000000
b2001000
67978800
00000000
00000000
d0001014
0000fffe
d0001004
0000ffff
b01b0000
00000000
00000000
00000000
c8000000
00000000
00000000
00000004
01f009fd